{
  "truth_vc_ratio": 0.0,
  "truth_ic_ratio": 0.0,
  "truth_nc_ratio": 1.0,
  "res_vc_ratio": 0.4,
  "res_ic_ratio": 0.0,
  "res_nc_ratio": 0.6,
  "mae_min": 0.0014691361472782293,
  "mae_max": 0.0055722481609273775,
  "mae_mean": 0.003883039143304128,
  "mae_med": 0.003927314695651083
}